topic_0,topic_1,topic_2,topic_3,topic_4,topic_5,topic_6,topic_7,topic_8,topic_9,topic_10,topic_11,topic_12,topic_13,topic_14,topic_15,topic_16,topic_17,topic_18,topic_19,topic_20,topic_21,topic_22,topic_23,topic_24,topic_25,topic_26,topic_27,topic_28,topic_29,Patent_ID
0.740808442492828,0.0089376399140125,0.0089376399139903,0.008937639913988,0.0089376399139882,0.0089376399139906,0.00893763991399,0.0089376399139884,0.0089376399147623,0.0089376399141734,0.008937639913988,0.008937639913988,0.0089376399141347,0.0089376399139897,0.0089376399139881,0.0089376399140025,0.008937639913988,0.0089376399139925,0.0089376399141113,0.0089376399140305,0.008937639913988,0.0089376399139931,0.008937639913988,0.0089376399139941,0.008937639913988,0.0089376399139884,0.0089376399141129,0.0089376399140407,0.0089376399139927,0.008937639913988,DE10120281C1
0.0057553327199813,0.0057553327199541,0.5535950802152884,0.0057553327199822,0.0057553327199418,0.0057553327199387,0.0057553327199395,0.0057553327199362,0.1040036703627817,0.0057553327204855,0.0057553327201043,0.0057553327199598,0.0057553327199389,0.0057553327199518,0.0057553327328242,0.00575533271994,0.0057553327199362,0.0057553327202324,0.0057553327200148,0.0057553327199566,0.0057553327199662,0.0057553327199919,0.0057553327199362,0.1870072659692401,0.0057553327199362,0.0057553327199879,0.0057553327199393,0.005755332720034,0.0057553327199384,0.00575533271994,CN2325571Y
0.0076929874997245,0.6407835951200568,0.0076929874997228,0.0076929874997259,0.0076929874997275,0.0076929874997274,0.0076929875003797,0.0076929875070685,0.0076929875038677,0.0076929874997683,0.0076929874997373,0.0076929875001002,0.0076929875006899,0.0076929875002285,0.0076929874997476,0.0076929874999423,0.0076929874997387,0.0076929874997933,0.0076929874997424,0.0076929875023672,0.0076929874997223,0.007692987499759,0.0076929874997245,0.143812754866237,0.0076929874997215,0.0076929875027717,0.0076929875001695,0.0076929874997214,0.0076929874997214,0.0076929875005935,CN1233750A
0.3556388493064926,0.0070674940581738,0.0070674940490836,0.0070674940490922,0.0070674940490836,0.0070674940501098,0.0070674940555641,0.0070674940490836,0.0070674940729492,0.0070674940490845,0.0070674940490836,0.0070674940856556,0.0070674940490843,0.0070674940493356,0.0070674941127529,0.0070674940491667,0.00706749405077,0.199263992099288,0.0070674941188212,0.0070674940490837,0.0070674940490883,0.0070674940516299,0.0070674940564148,0.2542748190399053,0.0070674940496098,0.0070674940490836,0.0070674940552241,0.0070674940490998,0.0070674940490922,0.0070674940490922,CN200710179544.9
0.0071252227301634,0.0071252227301819,0.0071252227340053,0.0071252227301704,0.0071252227303517,0.0071252227301635,0.0071252227302863,0.0071252227301634,0.0071252227301663,0.0071252227301662,0.0071252227301634,0.0071252227301668,0.0071252227301634,0.0071252227301635,0.3915889312206428,0.0071252227301634,0.0071252227301729,0.0071252227302181,0.00712522273017,0.0071252227301634,0.0071252227301681,0.0071252227301656,0.0071252227301634,0.4089048323301709,0.0071252227301642,0.0071252227301646,0.0071252227304221,0.0071252227301635,0.0071252227302465,0.0071252227301634,CN1206601C
0.0073390815636491,0.6088866467414478,0.0073390815638628,0.0073390815644645,0.0073390815636489,0.0073390815636824,0.0073390815636532,0.0073390815636488,0.0073390815636725,0.0073390815637295,0.0073390815636538,0.0073390815636937,0.0073390815636488,0.0073390815636488,0.007339081563834,0.0073390815636497,0.0073390815636504,0.0073390815636579,0.0073390815637312,0.0073390815636488,0.0073390815636503,0.0073390815636496,0.007339081563649,0.1856190694706898,0.0073390815636488,0.0073390815658393,0.0073390815636579,0.0073390815640741,0.007339081565213,0.0073390815636501,CN200710202904.2
0.006291349621081,0.0871676237062842,0.0062913496210806,0.0062913496210806,0.0062913496210806,0.0062913496210816,0.0062913496210878,0.0062913496210806,0.0062913496210807,0.0062913496210807,0.0062913496210892,0.0062913496210806,0.0062913496210806,0.0062913496210888,0.0062913496263235,0.0062913496210812,0.006291349621086,0.0062913496210807,0.0062913496210807,0.0062913496210807,0.3675288499534861,0.0062913496210823,0.0062913496211192,0.3754370865657225,0.006291349621082,0.0062913496210811,0.0062913496210888,0.0062913496210836,0.0062913496210806,0.0062913496210821,CN1878036
0.0062994060953744,0.0062994060970863,0.0062994060969319,0.0062994060954217,0.0062994060962067,0.0062994060954763,0.0062994060993126,0.0062994060953718,0.0062994060953728,0.5023921629266125,0.0062994060953715,0.0062994060962286,0.0062994060953718,0.0062994060953961,0.0062994061109062,0.0062994060953716,0.0062994060953715,0.0062994060955084,0.006299406096007,0.0062994060985487,0.0062994060953738,0.0062994060965696,0.0062994060953909,0.3212244663722659,0.0062994060953715,0.0062994060958861,0.0062994060957777,0.0062994060953716,0.0062994060953716,0.0062994060953715,KR100274653B1
0.0068568865373337,0.0068568865373408,0.0068568865373337,0.0068568865373346,0.0068568865373337,0.006856886537336,0.0068568865373361,0.0068568865373345,0.006856886537345,0.0068568865373337,0.0068568865373355,0.0068568865381865,0.0068568865373337,0.0068568865373338,0.0068568865374569,0.0068568865373337,0.6332758964869833,0.0491777204584934,0.0068568865373644,0.006856886537347,0.0068568865401411,0.0068568865373356,0.0068568865373933,0.1324104465425261,0.0068568865373767,0.0068568865373352,0.0068568865373589,0.006856886537334,0.0068568865373338,0.0068568865373338,WO2004090663A2
0.0089708834222381,0.008970883422202,0.0089708834222072,0.0089708834222021,0.008970883422202,0.0089708834222151,0.008970883422202,0.0089708834222578,0.7398443807554357,0.008970883422202,0.0089708834222326,0.0089708834222049,0.0089708834222094,0.0089708834222051,0.0089708834222035,0.0089708834222269,0.008970883422202,0.0089708834222021,0.008970883422202,0.008970883422222,0.0089708834222072,0.008970883422202,0.008970883422202,0.0089708834226446,0.008970883422202,0.0089708834222298,0.0089708834222054,0.008970883422202,0.0089708834222023,0.0089708834222266,FR2811158A1
0.0524410918581587,0.0066183776286926,0.0066183776278765,0.0066183776287619,0.0237356127947355,0.0066183776278796,0.0066183776278787,0.0066183776278765,0.2905477468939152,0.0066183776280661,0.0066183776278767,0.0066183776279065,0.0066183776278772,0.0066183776278813,0.0066183776278806,0.0066183776330256,0.0066183776278808,0.0209512725959751,0.0066183776278827,0.0066183776278771,0.0066183776278765,0.0237419335924799,0.0066183776278765,0.2721677462528586,0.0066183776278787,0.0066183776278765,0.0507230172125712,0.0066183776278768,0.1200872709789182,0.0066183776278808,US6711154B1
0.0066537043156533,0.0066537043157008,0.0066537043156527,0.0066537043157578,0.0066537043156484,0.0066537043156481,0.0066537043156487,0.0066537043156481,0.4407552633769296,0.0066537043159997,0.0066537043176006,0.0066537043156504,0.0066537043156481,0.0066537043158001,0.006653704315651,0.0066537043156496,0.0066537043156484,0.0066537043182356,0.0066537043165055,0.0066537043156623,0.0066537043160056,0.0066537043156501,0.0066537043156485,0.3729410157780581,0.0066537043156481,0.0066537043156627,0.0066537043156708,0.0066537043160169,0.0066537043156481,0.0066537043156514,KR20050118569A
0.0065669578728833,0.0065669578728869,0.0065669578728834,0.0065669578728833,0.0065669578728839,0.0065669578729043,0.0065669578730059,0.0065669578728984,0.0065669578729077,0.0065669578728921,0.0065669578729269,0.0065669578728909,0.0065669578728841,0.0065669578728864,0.0065669578728865,0.0065669578729154,0.0065669578728866,0.0065669578728841,0.0065669578728845,0.0065669578728842,0.0065669578728861,0.0065669578728834,0.006566957872902,0.0065669578759652,0.0065669578728889,0.0065669578730449,0.0065669578728854,0.0065669578728834,0.8095582216827917,0.0065669578729086,CN1316305A
0.0074892639090808,0.0074892639090807,0.0074892639091246,0.0074892639093513,0.0074892639090807,0.5258491472197796,0.007489263909087,0.0074892639090807,0.0074892639090808,0.0074892639090818,0.0074892639126083,0.007489263911075,0.0074892639090807,0.0074892639090814,0.0074892639090999,0.0074892639090819,0.007489263909087,0.0074892639090945,0.0074892639090812,0.0074892639090809,0.007489263909081,0.0074892639090807,0.007489263909081,0.2644514633200545,0.0074892639090807,0.0074892639090817,0.0074892639090964,0.0074892639090807,0.0074892639090822,0.0074892639090812,US7628066B2
0.0058706122395928,0.0058706122401309,0.0058706122408531,0.0058706122395542,0.0058706122395515,0.0058706122407874,0.0058706122396987,0.0058706122395566,0.0058706122397627,0.0058706122401475,0.0058706122398227,0.0058706122441251,0.0058706122396323,0.0058706122395628,0.0058706122413851,0.0058706122396631,0.0058706122395529,0.0058706122395564,0.0058706122396513,0.0058706122395794,0.0058706122402382,0.7273630440894528,0.0058706122395526,0.1082598131876935,0.0058706122395515,0.0058706122425802,0.0058706122396004,0.0058706122399802,0.0058706122396092,0.0058706122395733,CN200410016862.X
0.0066799380107964,0.006679938010732,0.0066799380107218,0.4961774902820455,0.0066799380107201,0.0066799380108721,0.0066799380108157,0.0066799380107231,0.0066799380107285,0.0066799380107207,0.0066799380107468,0.0066799380107444,0.0066799380107205,0.006679938010729,0.0066799380110256,0.0066799380107205,0.0066799380107206,0.0066799380113206,0.0066799380107391,0.0066799380107446,0.0066799380107201,0.0066799380107845,0.0066799380107201,0.3167842454160631,0.0066799380107201,0.0066799380109759,0.0066799380107493,0.0066799380107213,0.0066799380107232,0.006679938010733,US5513029
0.008039623391589,0.0080396233915916,0.008039623391589,0.008039623391589,0.0080396233915948,0.008039623391589,0.008039623391589,0.0080396233915893,0.0080396233915975,0.0080396233915966,0.008039623391589,0.0080396233915928,0.008039623391589,0.008039623391589,0.0080396233915942,0.008039623391589,0.0080396233915932,0.008039623391589,0.008039623391589,0.008039623391589,0.7668509216351856,0.008039623391589,0.0080396233915891,0.0080396234002611,0.008039623391589,0.0080396233915906,0.0080396233915907,0.0080396233915959,0.008039623391589,0.0080396233916009,CN1648524A
0.0073960088088409,0.0073960088088425,0.0073960088088445,0.0073960088088412,0.0073960088088409,0.0073960088088442,0.0073960088088409,0.0073960088088411,0.0073960088088533,0.0073960088088424,0.0073960088088432,0.0073960088088461,0.0073960088088409,0.0073960088088737,0.0073960088088458,0.0073960088088409,0.0073960088088409,0.0073960088088409,0.0073960088088417,0.0073960088088419,0.0073960088088443,0.0073960088088437,0.0073960088088411,0.3207905989392609,0.0073960088088409,0.1136379849138417,0.0073960088088471,0.0073960088088409,0.007396008808841,0.3658791783081091,CN2036726U
0.0077009929704838,0.0077009929705398,0.0077009929704284,0.0077009929704288,0.4214984154776544,0.0077009929704483,0.0077009929704296,0.0077009929704301,0.007700992970431,0.0384933544840242,0.00770099297043,0.0077009929704335,0.0077009929704283,0.0077009929704295,0.0077009929705346,0.0077009929704398,0.0077009929704283,0.0077009929704347,0.0077009929708045,0.0077009929704283,0.0594725994480569,0.0077009929704643,0.0077009929704286,0.2309368047691462,0.0077009929704285,0.0570740015596604,0.0077009929704313,0.0077009929704286,0.007700992970435,0.0077009929704289,CN200710135429.1
0.0063187986731286,0.0063187986731297,0.0063187986731282,0.0063187986731282,0.0063187986731475,0.0063187986731395,0.0063187986731305,0.0063187986731282,0.0063187986827258,0.1190348931117789,0.0063187986733242,0.0063187986731756,0.0063187986731282,0.0063187986765272,0.0063187986731806,0.006318798673165,0.006318798673937,0.0063187986731286,0.0063187987453432,0.0063187986733688,0.0063187986733087,0.0063187986731304,0.0063187986731282,0.7040387439533422,0.0063187986731282,0.0063187986731338,0.0063187986731925,0.0063187986735067,0.0063187986731375,0.0063187986731465,US5492602A
0.0084647023896375,0.0084647023896405,0.0084647023896449,0.0084647023896373,0.008464702389637,0.0084647023896443,0.008464702389637,0.0084647023896373,0.0084647023896372,0.0084647023896966,0.0084647023896748,0.0958510975134539,0.008464702389637,0.0084647023896486,0.0084647023896869,0.008464702389637,0.008464702389638,0.0084647023896395,0.008464702389637,0.0084647023896546,0.0084647023896412,0.0084647023896561,0.0084647023896373,0.6671372355764253,0.008464702389637,0.0084647023896546,0.0084647023896371,0.008464702389637,0.0084647023896734,0.0084647023896431,CN2762168Y
0.0698269867630368,0.006560564370171,0.0065605643701871,0.0065605643701825,0.0065605643701704,0.5038998261859016,0.0065605643703728,0.0065605643702945,0.0065605643701763,0.0209589726088762,0.0065605643701696,0.0065605643701913,0.0065605643701852,0.006560564370819,0.0065605643703755,0.0065605643701827,0.0065605643701804,0.0065605643702638,0.0065605643701723,0.0065605643702135,0.0065605643701688,0.0065605643701878,0.006560564370205,0.1952529902174932,0.0065605643701689,0.0460471149687767,0.0065605643701837,0.0065605643702381,0.0065605643702504,0.0065605643702035,JPH05188844A
0.0069562206241018,0.0069562206240708,0.0069562206240721,0.0069562247734833,0.0069562206240693,0.0069562206291981,0.0069562206240693,0.5496093696381767,0.0069562206240768,0.1653435759920319,0.0069562206240693,0.0069562206240736,0.0069562206240713,0.0069562206240693,0.0069562206265365,0.0069562206240729,0.0069562206240849,0.0069562206240694,0.0069562206241431,0.0069562206240703,0.0069562206240708,0.0069562206240695,0.0069562206240733,0.0972290933627295,0.0069562206240693,0.0069562206240755,0.0069562206240739,0.0069562206240867,0.0069562206240694,0.0069562206240696,CN200510102025.3
0.0066680792036967,0.0066680792040914,0.0066680792040627,0.0066680792036503,0.0066680792036696,0.0066680792037715,0.0066680792036995,0.006668079203648,0.0066680792302944,0.0066680792122426,0.0066680792036998,0.0066680792036486,0.0066680792108867,0.0066680792036475,0.006668079203749,0.0066680792041837,0.5296552841002324,0.0066680792863457,0.0066680792095835,0.0066680792057011,0.0066680792036474,0.0066680792036901,0.0066680792036545,0.2836384980538995,0.0066680792036474,0.0066680792036485,0.0066680792096027,0.0066680792061796,0.0066680792038768,0.0066680792036475,WO2006048869A1
0.0072243666056444,0.0072243666665046,0.0072243666096176,0.0072243666057369,0.0072243668248038,0.0072243666056998,0.0072243666223326,0.0072243666269125,0.0072243666057897,0.007224366605653,0.007224366605715,0.0072243666058483,0.0072243666056413,0.0072243666056922,0.0072243666070259,0.0072243666056812,0.0072243666056459,0.007224366606241,0.425556452554466,0.0072243667812594,0.0072243674742798,0.0376602196785524,0.0072243666056413,0.3417254277299778,0.0072243666056414,0.0072243666081414,0.0072243669003724,0.0072243666220555,0.0072243666056426,0.0072243666077828,CN200710141467.8
0.0074683708551371,0.0074683708551344,0.0074683708551345,0.0074683708551344,0.0074683708551344,0.0074683708551344,0.0074683708551349,0.0074683708551347,0.0074683708551349,0.0074683708552861,0.0074683708551354,0.0074683708551348,0.0074683708552744,0.0074683708551372,0.0074683708551344,0.0074683708551344,0.0074683708551426,0.0074683708551347,0.0074683708551345,0.0074683708551344,0.0074683708551351,0.0074683708551383,0.0074683708551371,0.2025427755638029,0.0074683708551347,0.5883428404921119,0.0074683708551353,0.0074683708551344,0.0074683708551344,0.0074683708551378,CN100494265C
0.0054142293954419,0.0054142293954427,0.0054142293952831,0.0054142293957269,0.0054142293952925,0.0054142293954758,0.0054142293953712,0.0054142293953028,0.0054142293978263,0.0054142293952818,0.0054142293952841,0.0054142293952817,0.0054142293952817,0.005414229395712,0.4368683184639729,0.0054142293952832,0.005414229395283,0.005414229395283,0.0054142293969894,0.0054142293956428,0.0054142293952851,0.0054142293957495,0.0054142293962968,0.4115332584605025,0.005414229395284,0.005414229395282,0.0054142293952908,0.0054142293952819,0.0054142293952817,0.0054142293952855,EP1643784A1
0.0060857887804887,0.0060857887804753,0.0060857887804726,0.0060857887804724,0.0060857887804835,0.0060857887804754,0.0060857887805372,0.0060857887804917,0.0060857887805961,0.0060857887806131,0.0060857887804739,0.7380919701985619,0.0060857887804777,0.0060857887804724,0.0060857887804762,0.0060857887804926,0.0060857887804833,0.0060857887804964,0.0060857887804724,0.006085788780473,0.0060857887804928,0.0060857887804723,0.0060857887804759,0.0915059439475033,0.0060857887804763,0.006085788780679,0.0060857887804734,0.0060857887804925,0.0060857887804746,0.0060857887804727,US5775858A
0.0104236409426678,0.0104236409426678,0.0104236409426678,0.0104236409426678,0.0104236409426678,0.0104236409426678,0.0104236409426685,0.010423640942668,0.0104236409426679,0.0104236409426679,0.0104236409426678,0.0104236409426684,0.0104236409426678,0.0104236409426678,0.0104236409426678,0.0104236409426678,0.0104236409426678,0.0104236409426678,0.0104236409426678,0.0104236409426678,0.0104236409426678,0.0104236409426692,0.6977144126625905,0.010423640942705,0.0104236409426685,0.0104236409426678,0.0104236409426678,0.0104236409426678,0.0104236409426678,0.0104236409426692,CN200410064528.1
0.0054795643271731,0.0054795643276969,0.0054795643268654,0.0054795643268274,0.0054795643268313,0.0054795643268286,0.0054795643271687,0.0054795643268471,0.0054795643269056,0.0054795643268433,0.0054795643268304,0.0054795643268307,0.400228378269873,0.005479564326836,0.1775537136151784,0.0054795643304355,0.0054795643280736,0.0054795643269702,0.0054795643268609,0.0054795643268525,0.0054795643268316,0.0054795643269505,0.0054795643268641,0.2742696712832331,0.0054795643268354,0.0054795643269416,0.0054795643269317,0.0054795643268277,0.0054795643270253,0.0054795643268289,US6122639A
0.0055463906874264,0.0055463906873088,0.00554639068859,0.0055463906871381,0.0055463906871349,0.0055463906897244,0.0055463906873429,0.0055463906871274,0.005546390688265,0.0055463906871281,0.0055463906873378,0.0055463906876052,0.0055463906871273,0.0055463906876577,0.0055463906873653,0.0055463906871307,0.0055463906871688,0.0055463906871452,0.0055463906879633,0.0055463906871748,0.0055463906871964,0.4786798249792236,0.0055463906871273,0.3660212357682035,0.0055463906871273,0.005546390688645,0.0055463906871293,0.0055463906871829,0.0055463906886657,0.0055463906886355,JPH0944194A
0.0057877708594331,0.005787770844703,0.0057877708445391,0.0057877708445589,0.005787770844539,0.005787770844736,0.0057877708453857,0.0057877708447303,0.0057877708450255,0.0057877708453441,0.005787770844539,0.4202582533456697,0.005787770844539,0.005787770844728,0.2211010591908607,0.0057877708445611,0.0057877708445501,0.0057877708447713,0.0057877730177955,0.0057877708447105,0.0057877708446912,0.0057877708445402,0.0057877708445392,0.2023708724677798,0.0057877708445843,0.0057877708450615,0.0057877708446564,0.005787770844582,0.0057877708452278,0.0057877708446165,CN2701039Y
0.007229663368191,0.0072296633681909,0.0072296633681904,0.0072296633681901,0.0072296633681902,0.0072296633681926,0.7903397623210464,0.0072296633681902,0.0072296633681902,0.0072296633681901,0.0072296633681903,0.0072296633681914,0.0072296633681901,0.0072296633681907,0.0072296633681901,0.0072296633681901,0.007229663368191,0.0072296633681929,0.0072296633681902,0.0072296633681905,0.007229663368345,0.0072296633681901,0.0072296633681919,0.0072296633694584,0.0072296633681903,0.0072296633681902,0.0072296633681906,0.0072296633681907,0.0072296633681907,0.0072296633681909,US6122247A
0.0079244661992998,0.0079244661992998,0.0079244661993002,0.0079244661993022,0.0079244661992998,0.0079244661992998,0.0079244661992998,0.4278968368993843,0.0079244661993009,0.0079244661993009,0.0079244661992998,0.0079244661992998,0.0079244661993003,0.0079244661994971,0.0079244661993388,0.0079244661992998,0.0079244661992998,0.0079244661992999,0.0079244661992998,0.0079244661993394,0.0079244661992999,0.0079244661993808,0.0079244661993003,0.3502181095193186,0.0079244661992998,0.0079244661997361,0.0079244661992998,0.0079244661993006,0.0079244661993248,0.0079244661993762,CN1103526A
0.007190485448564,0.007190485448564,0.007190485448564,0.0071904854485784,0.0071904854485643,0.007190485448564,0.0071904854485652,0.0071904854485851,0.5379707248448095,0.0071904854485645,0.007190485448564,0.0071904854485662,0.0071904854485708,0.0071904854485645,0.0071904854486013,0.007190485448564,0.0071904854485692,0.0071904854485669,0.0071904854485643,0.0071904854485824,0.0071904854485642,0.007190485448564,0.0071904854485661,0.2606956825952428,0.007190485448564,0.0071904854485671,0.0071904854485799,0.0071904854485645,0.0071904854485853,0.0071904854485644,US7370197B2
0.0061778014923761,0.0061778014923225,0.0061778014923351,0.0061778014923209,0.0061778014923209,0.0061778014923393,0.0061778014979504,0.0061778014927985,0.0061778014926428,0.0061778014932471,0.0061778014923237,0.0061778014923325,0.0061778014925467,0.0061778014931729,0.0061778014923901,0.0061778014924638,0.0061778014923254,0.0061778014923292,0.5482783626962594,0.0061778014926267,0.0061778014923351,0.0061778014923238,0.0061778014931494,0.2787431955020703,0.0061778014925696,0.0061778014974286,0.0061778014925995,0.0061778014923216,0.0061778014923369,0.0061778014934398,WO1998019304A1
0.0065632764950148,0.0065632764950146,0.0065632764950146,0.0065632764950156,0.0065632764950145,0.0065632764950412,0.0065632764953076,0.0065632764950145,0.0065632764950305,0.0065632764950373,0.0065632764950812,0.0065632764956328,0.0065632764950145,0.0065632764950149,0.0065632764950146,0.0065632764950159,0.0065632764956176,0.0065632764969359,0.5344140667546302,0.0065632764951963,0.0065632764950164,0.0065632764950178,0.0065632764950151,0.2818141913810543,0.0065632764950145,0.0065632764950145,0.0065632764951594,0.0065632764950167,0.0065632764950149,0.0065632764950158,US5808453A
0.0063470781459969,0.0063470781460037,0.0063470781459969,0.0063470781459969,0.2704573639950182,0.0063470781460033,0.0063470781459969,0.0063470781459969,0.0063470781459982,0.006347078145997,0.0063470781459969,0.0063470781459971,0.0063470781460097,0.0063470781459969,0.006347078146,0.006347078145997,0.0063470781459981,0.0063470781460088,0.0063470781459969,0.0063470781459969,0.0063470781459993,0.0063470781460029,0.0063470781459969,0.5518244479170022,0.0063470781459969,0.0063470781459969,0.0063470781459983,0.0063470781459969,0.0063470781460081,0.0063470781459969,US20050249141A1
0.0093590458090829,0.0093590458090829,0.0093590458090828,0.0093590458090828,0.0093590458090933,0.0093590458090828,0.0093590458090869,0.0093590458090832,0.7285876715364294,0.0093590458090906,0.0093590458090828,0.0093590458090828,0.0093590458090828,0.0093590458090838,0.0093590458090828,0.0093590458090828,0.0093590458090828,0.0093590458090828,0.0093590458090828,0.0093590458090832,0.0093590458090849,0.0093590458091047,0.0093590458091614,0.009359045809124,0.0093590458090828,0.0093590458090828,0.0093590458090828,0.0093590458090828,0.0093590458090828,0.0093590458090828,US20030230403A1
0.0061984832016528,0.0061984832018311,0.0061984832016529,0.0061984832016542,0.0061984832016531,0.0061984832016529,0.0061984832016583,0.0061984832016577,0.0061984832016592,0.0061984832016818,0.0061984832016728,0.0061984832016559,0.4257486993814809,0.0061984832019068,0.0061984832016937,0.0061984832016615,0.0061984832016531,0.0061984832016846,0.0061984832016534,0.0061984832016543,0.0061984832016531,0.006198483201653,0.0061984832016529,0.4006937709715937,0.0061984832016528,0.0061984832016543,0.0061984832016537,0.0061984832016531,0.0061984832017075,0.0061984832016532,CN1744634A
0.0064714587826003,0.0064714587826061,0.0064714587826019,0.0064714587826263,0.4564510025290755,0.0064714587826054,0.0064714587826101,0.0064714587826414,0.0064714587826018,0.006471458782612,0.0064714587826274,0.0064714587826031,0.0064714587826003,0.0064714587826558,0.0064714587826256,0.0064714587826005,0.0064714587826035,0.0064714587826037,0.0064714587826003,0.0064714587826079,0.0064714587826005,0.0064714587826004,0.0064714587826003,0.3623481515578722,0.0064714587826003,0.0064714587826003,0.0064714587826151,0.0064714587826003,0.0064714587826003,0.0064714587826003,EP1191750A1
0.0059988823211821,0.0059988823212089,0.0059988823211822,0.0059988823212124,0.0059988823211818,0.0059988823211877,0.0059988823211956,0.0059988823211818,0.0059988823211891,0.0059988823212434,0.0059988823212445,0.0059988823211834,0.0059988823211818,0.0059988823212461,0.0059988823211823,0.005998882321182,0.0059988823211843,0.0059988823212794,0.0059988823212708,0.6400297962137608,0.0059988823211955,0.005998882321182,0.0059988823211855,0.192001498792615,0.0059988823211842,0.0059988823211823,0.0059988823211944,0.0059988823211956,0.0059988823211818,0.0059988823212022,US20030067795A1
0.0056025037240473,0.0056025037238261,0.0056025037236355,0.0056025037236458,0.0056025037236298,0.0056025037236402,0.0056025037237831,0.0056025037237372,0.0416488260305973,0.0056025037236324,0.0056025037236318,0.0056025037236332,0.0056025037236301,0.0056025037236396,0.0056025037236331,0.0056025037236313,0.0056025037236306,0.0056025037236515,0.0056025037242104,0.0056025037236303,0.0056025037278887,0.0056025037236348,0.0056025037236298,0.1481862714453137,0.0056025037236503,0.005602503723846,0.005602503723637,0.0056025037236304,0.0056025037236306,0.6588973019800405,CN2906398Y
0.0065417694946404,0.0065417694946459,0.0065417694946404,0.0065417694946406,0.0065417694946404,0.0065417694946728,0.006541769494739,0.0065417694946465,0.006541769494648,0.0065417694946654,0.0065417694946536,0.006541769494719,0.006541769494712,0.0065417694946417,0.006541769494697,0.0065417694946568,0.0065417694947,0.0065417694946417,0.0065417694946414,0.0065417694946405,0.0065417694946404,0.0065417694946417,0.4066276953195413,0.4102027588300395,0.006541769494641,0.0065417694946408,0.0065417694946427,0.0065417694946419,0.0065417694946405,0.006541769494646,US20060045123A1
0.006886892240056,0.0068868922400436,0.0068868922400407,0.0068868922400407,0.0068868922400407,0.0068868922400599,0.0068868922478541,0.0068868922400416,0.0068868922400726,0.0068868922400432,0.0068868922400421,0.0068868922400438,0.0068868922400407,0.0068868922400458,0.0068868922400416,0.0068868922400407,0.5976005345327853,0.0068868922400533,0.0068868922400467,0.0068868922400412,0.006886892240042,0.0068868922400672,0.0068868922400443,0.1064049517469826,0.0068868922400415,0.1100484232311677,0.0068868922400422,0.0068868922400411,0.006886892240044,0.0068868922400517,CN200310117820.0
0.008771576187741,0.0087715761877112,0.0087715761877081,0.0087715761877063,0.0087715761877081,0.0087715761877063,0.0087715761878215,0.0087715761877214,0.0087715761877081,0.0087715761877065,0.0087715761877063,0.0087715761877076,0.0087715761877311,0.0087715761877066,0.0087715761877068,0.0087715761877953,0.0087715761877076,0.0087715761877068,0.0087715761877065,0.4766301609953752,0.0087715761877064,0.0087715761877065,0.0087715761877066,0.2777657057485492,0.0087715761877063,0.0087715761877088,0.0087715761877067,0.0087715761877063,0.0087715761877063,0.0087715761877071,CN101001098
0.0058155745307447,0.0058155745307446,0.0058155745307446,0.0058155745307447,0.0058155745307446,0.0058155745307454,0.0058155745307457,0.0058155745307446,0.0058155745307456,0.0058155745307449,0.0058155745307449,0.0058155745307446,0.0058155745307446,0.0058155745307447,0.0058155747375265,0.0058155745307446,0.0058155745307446,0.0058155745307446,0.0058155745307454,0.0058155745307446,0.0058155745307447,0.0058155745307446,0.0058155745307447,0.8313483384016175,0.0058155745307446,0.0058155745307446,0.0058155745307446,0.0058155745307448,0.0058155745307449,0.0058155745307447,CN1464654A
0.0077917641841391,0.0077917641841469,0.007791764184136,0.0077917641841362,0.0077917641841357,0.007791764184136,0.0077917641841404,0.00779176418414,0.0077917641841372,0.0077917641841362,0.0077917641841357,0.0077917641841367,0.0077917641841357,0.0077917641841605,0.0077917641841544,0.0077917641841741,0.0077917641841357,0.0077917641841357,0.0077917641841357,0.0077917641841357,0.0077917641841358,0.6353399263115569,0.0077917641841673,0.1464906765324559,0.0077917641841456,0.0077917641841445,0.0077917641841451,0.0077917641841511,0.0077917641841357,0.0077917641841368,CN200610075787.3
0.0064249817004389,0.00642498170044,0.0064249817004474,0.0064249817004521,0.006424981700438,0.6627350292686635,0.0064249817004635,0.0064249817004379,0.0064249817007162,0.0064249817005923,0.006424981700438,0.0064249817005554,0.0064249817004496,0.0064249817008285,0.0064249817004733,0.0064249817004402,0.0064249817004774,0.0064249817004984,0.0064249817004531,0.0064249817004436,0.0064249817004395,0.0064249817124014,0.0064249817004396,0.1573654831058495,0.0064249817004378,0.0064249817004901,0.0064249817004547,0.006424981700462,0.0064249817004384,0.0064249817004387,JP2005250177A
0.0058734837544121,0.0058734837544346,0.0058734837544112,0.0058734837544073,0.005873483754431,0.0058734837544125,0.0058734837544141,0.0058734837544145,0.0058734837544089,0.0058734837544227,0.0058734837544068,0.0058734837544072,0.0058734837544185,0.5135638854703458,0.0058734837545019,0.0058734837544072,0.0058734837544194,0.0058734837544069,0.005873483754407,0.0058734837544261,0.0058734837544069,0.0058734837544135,0.0058734837544237,0.3219785694059749,0.0058734837544079,0.0058734837544226,0.0058734837544081,0.0058734837544074,0.0058734837544073,0.0058734837544103,US6055499A
0.0065083710069049,0.0065083710069231,0.0065083710069028,0.0065083710069028,0.0065083710069028,0.0065083710069971,0.0065083710069836,0.0065083710069672,0.0065083710069078,0.0065083710069195,0.0065083710069068,0.0065083710070987,0.0065083710069028,0.0065083710069448,0.0065083710079719,0.0065083710069028,0.0065083710069032,0.0065083710069028,0.0065083710069113,0.0065083710069028,0.0065083710069032,0.5809942152138895,0.0065083710070594,0.1567390197638681,0.006508371006933,0.0865407478340276,0.0065083710069077,0.0065083710069028,0.006508371006934,0.0065083710069143,DE3445484C1
0.0061567146953761,0.0061567146961312,0.0061567146953164,0.0061567146953111,0.0061567146953107,0.0061567146953111,0.0061567146958251,0.0061567146955368,0.0061567146962819,0.0061567146975005,0.0061567146958273,0.0061567146953236,0.0061567146953557,0.0061567146953116,0.8214552737938169,0.0061567146954848,0.006156714695313,0.0061567146966149,0.0061567147053919,0.0061567146970851,0.0061567147070762,0.0061567146960685,0.0061567146953108,0.0061567147017194,0.0061567146953107,0.0061567146989531,0.0061567146956706,0.0061567146953108,0.0061567146956998,0.0061567146954529,CN200510094704.0
0.0069716305931961,0.0069716305931959,0.0069716305931959,0.0069716305931959,0.0069716305931959,0.0069716305931961,0.0069716305931959,0.0069716305931959,0.006971630593198,0.0069716305931966,0.0069716305931959,0.0069716305931959,0.0069716305931959,0.0069716305931959,0.0069716305931959,0.0069716305931959,0.0069716305931959,0.0069716305931959,0.0069716305931959,0.0069716305931959,0.0069716305931959,0.0069716305931959,0.0069716305931965,0.7978227127972985,0.0069716305931959,0.0069716305932097,0.0069716305931979,0.0069716305931959,0.0069716305931959,0.0069716305931959,CN200710200519.4
0.0060418729533364,0.0060418729533364,0.0060418729533364,0.0060418729533364,0.0060418729533366,0.0060418729533379,0.0060418729533365,0.0060418729533364,0.0060418729533365,0.0060418729533364,0.0060418729533373,0.0060418729533364,0.0060418729533364,0.0060418729533364,0.0060418729533364,0.0060418729533371,0.0060418729533364,0.0060418729533364,0.0060418729533366,0.0060418729533364,0.0060418729533364,0.0060418729533398,0.0060418729533364,0.8247856843532141,0.0060418729533364,0.0060418729533365,0.0060418729533364,0.0060418729533364,0.006041872953356,0.0060418729533381,CN99127040.1
0.0071734816121104,0.0071734816121058,0.0071734816120934,0.0071734816120935,0.007173481612096,0.0071734816120963,0.0071734816120953,0.5423601481832881,0.0071734816124767,0.0071734816121454,0.0071734816120932,0.0071734816120941,0.0071734816120932,0.0071734816120936,0.0071734816121042,0.0071734816121113,0.0071734816121037,0.0071734816122667,0.0071734816120941,0.0071734816120968,0.0071734816120935,0.0071734816120937,0.0071734816120932,0.2567823666773706,0.0071734816120938,0.0071734816120932,0.0071734816120932,0.0071734816121161,0.0071734816121067,0.0071734816120932,US5926469A
0.0057637191820978,0.0057637191820959,0.0057637191820949,0.0057637191820949,0.0057637191820972,0.0057637191820952,0.0057637191820951,0.0057637191820949,0.0057637191820949,0.005763719182095,0.0057637191820949,0.0057637191820968,0.0057637191820949,0.0057637191821323,0.0057637191820952,0.0057637191820955,0.0057637191823107,0.0057637191820949,0.0057637191821012,0.0057637191820952,0.0057637191822528,0.0057637191820964,0.0057637191820949,0.832852143718747,0.0057637191820949,0.0057637191820949,0.0057637191821109,0.0057637191821474,0.0057637191820949,0.005763719182097,US5099536A
0.0108396606235663,0.0108396606235252,0.0108396606235252,0.0108396606235252,0.0108396606235252,0.0108396606235252,0.0108396606235395,0.0108396606235252,0.0108396606235252,0.0108396606235252,0.0108396606235254,0.0108396606235252,0.0108396606235252,0.0108396606235772,0.0108396606235252,0.0108396606235252,0.0108396606235252,0.0108396606235252,0.0108396606235252,0.0108396606235252,0.0108396606235255,0.0108396606235547,0.0108396606235354,0.0108396606416707,0.0108396606235253,0.0108396606235252,0.0108396606235252,0.0108396606235252,0.0108396606237106,0.6856498418992889,CA1201952A
0.0073250828796968,0.0073250828796939,0.0073250828796939,0.0073250828796939,0.0073250828796963,0.0073250828798232,0.0073250828796967,0.0073250828796946,0.0073250828796958,0.0073250828797086,0.0073250828796941,0.0073250828796967,0.0073250828796939,0.007325082879696,0.0073250828797219,0.0073250828796939,0.0073250828796939,0.0073250828797366,0.0073250828796948,0.0073250828796981,0.0073250828797715,0.0073250828796939,0.0073250828796939,0.2259569549184865,0.0073250828796957,0.007325082879698,0.0073250828797123,0.0073250828796944,0.5689407244497425,0.0073250828796961,JPH06202230A
0.0060795291406025,0.006079529140604,0.0060795291406105,0.0060795291407482,0.0060795291406069,0.0060795291406177,0.0060795291406078,0.0060795291408163,0.0060795291406198,0.0060795291406664,0.0060795291406046,0.0060795291406885,0.0060795291406028,0.0060795291406027,0.0060795291411147,0.006079529140603,0.1432720750499237,0.0060795291406345,0.0060795291406076,0.3027769720937038,0.006079529140626,0.0060795291406026,0.0060795291406035,0.3898036660589175,0.0060795291406025,0.006079529140615,0.0060795291406065,0.0060795291406227,0.0060795291406136,0.0060795291406028,CN1420651A
0.007366968053591,0.5153239329154674,0.0073669680535819,0.0073669680535927,0.0073669680536086,0.0073669680535818,0.0073669680535846,0.0073669680535818,0.0073669680535818,0.0073669680535818,0.0073669680535818,0.0073669680535836,0.0073669680535818,0.0073669680535818,0.0073669680535819,0.0073669680535874,0.0073669680535824,0.0073669680535991,0.0073669680535818,0.0073669680535818,0.0073669680535818,0.0073669680535818,0.007366968053582,0.27840096158414,0.0073669680535818,0.0073669680535822,0.0073669680536052,0.0073669680535818,0.0073669680535825,0.0073669680535831,CN200710105637.7
0.0066982825039794,0.4259445477813731,0.0066982825039786,0.006698282504004,0.0066982825039847,0.0066982825039785,0.0066982825039927,0.0066982825039786,0.0066982825039807,0.0066982825039786,0.0066982825039785,0.0066982825039785,0.0066982825039785,0.0066982825039945,0.0066982825050062,0.0066982825039931,0.0066982825039984,0.0066982825039908,0.0066982825039785,0.0066982825039785,0.0066982825039785,0.006698282503979,0.0066982825039791,0.3865035421060772,0.0066982825039786,0.0066982825039785,0.0066982825039792,0.0066982825039785,0.0066982825039873,0.0066982825039786,CN101199226A
0.0062806230088012,0.0062806230091862,0.0062806230084215,0.0062806230084076,0.0062806321867372,0.0062806230084044,0.0062806230112405,0.0062806230084877,0.0708747566596963,0.0062806230084078,0.0062806230084044,0.0062806230084044,0.0062806230084044,0.0062806230084108,0.0062806230084161,0.0062806230084206,0.0062806230084044,0.0062806230084046,0.0062806230084044,0.0062806230084044,0.0062806230084044,0.0062806230084064,0.006280623008409,0.430936219098073,0.0062806230084044,0.0062806230085526,0.0062806230108498,0.3286121938302124,0.0062806230084132,0.0062806230084044,CN200710147521.X
0.0067272115243315,0.0067272115243324,0.0067272115243315,0.0067272115243318,0.0067272115243315,0.006727211524332,0.0067272115243751,0.0067272115243315,0.0067272115243352,0.0067272115243359,0.0067272115243367,0.0067272115243332,0.0067272115243315,0.006727211524332,0.0067272115243322,0.0067272115243315,0.0067272115243394,0.0067272115243406,0.0067272115243395,0.0067272115243348,0.0067272115243629,0.0067272115243411,0.0067272115243315,0.1503816949870928,0.0067272115243315,0.0067272115243315,0.0067272115243355,0.6612563823314825,0.0067272115243315,0.0067272115243383,CN2487601Y
0.0063820601636741,0.0954774622370944,0.0063820601636806,0.0063820601648175,0.006382060163716,0.0063820601636772,0.0063820601643798,0.0063820601854857,0.0063820601637417,0.0063820601636782,0.006382060163676,0.0063820601638028,0.0063820601636726,0.0063820601642023,0.0063820601637098,0.0063820601636761,0.0063820601636817,0.0063820601637419,0.0063820601636771,0.0063820601636881,0.5003680315790157,0.0063820601637033,0.0063820601636726,0.2318388817398481,0.0063820601636726,0.0063820601636745,0.0063820601638956,0.0063820601636739,0.0063820601636726,0.006382060163696,CN200710190393.7
0.0073750751101926,0.0073750751101925,0.0073750751101926,0.0073750751101933,0.0073750751101925,0.0073750751101925,0.0073750751101925,0.0073750751101925,0.0073750751102023,0.0073750751101958,0.0073750751102027,0.0073750751101937,0.0073750751101925,0.786122821804143,0.0073750751101932,0.0073750751101925,0.0073750751101928,0.0073750751102118,0.0073750751101979,0.0073750751101958,0.0073750751101948,0.0073750751101987,0.0073750751101926,0.0073750751103835,0.0073750751101925,0.0073750751101999,0.0073750751101935,0.007375075110195,0.0073750751101976,0.0073750751101953,CN1778991A
0.0070308372317784,0.0070308372318457,0.0070308372317736,0.0070308372317143,0.0070308372317685,0.0070308372317143,0.0070308372319774,0.0070308372317188,0.0070308372317266,0.0070308372322884,0.0070308372318053,0.0070308372317124,0.007030837231713,0.6579401447937703,0.0070308372327893,0.0070308372317323,0.0070308372317132,0.0070308372317129,0.0070308372317121,0.0070308372319292,0.0070308372317121,0.0070308372317183,0.0070308372317149,0.1451964127156411,0.0070308372317139,0.0070308372317149,0.0070308372317501,0.0070308372317121,0.0070308372317121,0.0070308372317131,CN1737448A
0.0086435561077072,0.0086435561077198,0.0086435561078251,0.0086435561077803,0.0086435561077197,0.0086435561077172,0.0086435561077038,0.0086435561077006,0.6084958579960941,0.0086435561103341,0.0086435561077002,0.0086435561077092,0.0086435561077002,0.0086435561077128,0.0086435561139622,0.0086435561077987,0.0086435561077055,0.0086435561077169,0.0086435561077003,0.0086435561077191,0.0086435561082135,0.0086435561077269,0.0086435561077008,0.1494845709720882,0.0086435561077002,0.008643556113393,0.0086435561077403,0.0086435561081261,0.0086435561078824,0.0086435561077002,JPH06291824A
0.0063736544640807,0.0063736544642086,0.0063736544641211,0.0063736544640682,0.0063736544640672,0.0063736544641428,0.0063736544640666,0.0063736544640817,0.0063736544641983,0.064672193746945,0.0063736544640666,0.0063736544641432,0.0063736544640669,0.0063736544641036,0.0063736544642368,0.0063736544640673,0.0063736544640666,0.0063736544640666,0.6295831693690657,0.006373654464067,0.0063736544640945,0.0063736544640738,0.0063736544640976,0.1336559663532743,0.0063736544640688,0.0063736544641852,0.0063736544640669,0.0063736544640733,0.0063736544640667,0.0063736544640667,JPH08177749A
